48 40
1666116661166611666116661166611666116661
6111661116611166111661116611166111661116
1666116661166611666116661166611666116661
1666116661166611666116661166611666116661
6111661116611166111661116611166111661116
1666116661166611666116661166611666116661
1666116661166611666116661166611666116661
6111661116611166111661116611166111661116
1666116661166611666116661166611666116661
1666116661166611666116661166611666116661
6111661116611166111661116611166111661116
1666116661166611666116661166611666116661
1666116661166611666116661166611666116661
6111661116611166111661116611166111661116
1666116661166611666116661166611666116661
1666116661166611666116661166611666116661
6111661116611166111661116611166111661116
1666116661166611666116661166611666116661
1666116661166611666116661166611666116661
6111661116611166111661116611166111661116
1666116661166611666116661166611666116661
1666116661166611666116661166611666116661
6111661116611166111661116611166111661116
1666116661166611666116661166611666116661
1666116661166611666116661166611666116661
6111661116611166111661116611166111661116
1666116661166611666116661166611666116661
1666116661166611666116661166611666116661
6111661116611166111661116611166111661116
1666116661166611666116661166611666116661
1666116661166611666116661166611666116661
6111661116611166111661116611166111661116
1666116661166611666116661166611666116661
1666116661166611666116661166611666116661
6111661116611166111661116611166111661116
1666116661166611666116661166611666116661
1666116661166611666116661166611666116661
6111661116611166111661116611166111661116
1666116661166611666116661166611666116661
1666116661166611666116661166611666116661
6111661116611166111661116611166111661116
1666116661166611666116661166611666116661
1666116661166611666116661166611666116661
6111661116611166111661116611166111661116
1666116661166611666116661166611666116661
1666116661166611666116661166611666116661
6111661116611166111661116611166111661116
1666116661166611666116661166611666116661

output : 4020

5 5
55515
53121
54445
51115
55555

output : 10

5 5
59995
95549
94449
95449
88888

output : 33

3 5
16661
61216
16661

output : 14

5 5
16666
63636
66146
13236
66666

output : 7